5.968826472895526649e+02
1.867987969916408133e+02
1.431242037385775632e+02
2.088707428656765899e+02
2.094780206086856253e+02
1.808208524276991511e+02
2.137697891684606475e+02
2.123218433226626018e+02
7.929978275112698611e+02
5.063950988476728980e+02
2.299572831894104468e+02
1.507604573062212410e+02
2.138213832810012889e+02
1.456535770803229468e+02
1.501114850771732563e+02
3.040153858687380080e+02
2.342006239653173338e+02
1.856117423720397142e+02
2.294627856823794616e+02
2.061663829397856489e+02
2.219033251526580273e+02
6.860344254871033627e+02
1.787578711215288365e+02
4.352865519346116798e+02
1.409203841246817888e+02
1.113563165682356839e+02
1.750093851755609364e+02
1.108356296105965981e+02
1.604299173013013160e+02
1.574229275886381743e+02
1.329491105634323844e+02
1.385669855151987235e+02
2.016792384079541023e+02
2.155815414390053206e+02
1.784937784448799789e+02
1.984288048424564010e+02
2.595658963111238791e+02
7.044947377063648446e+02
1.099312744508548008e+02
2.259645392661679182e+02
2.187612652798538875e+02
1.628094033105191443e+02
1.413735926848880240e+02
1.934023556794301442e+02
1.608269422819496128e+02
7.703092598162065485e+01
7.508620449240007133e+01
2.449975025102346819e+02
2.571769617187528070e+02
1.889613855641559326e+02
2.048793503268324514e+02
2.077660110547679437e+02
1.660867672060212783e+02
1.054976271527811491e+02
2.220219741519655088e+02
1.933918282795112873e+02
1.744393315188422378e+02
2.143628819987422105e+02
2.387158970280570998e+02
1.027763145661918713e+02
1.284027457604424853e+02
3.213244737164509388e+02
2.592466528721183749e+02
2.488459384057525483e+02
2.274793379292584348e+02
2.043947447333243588e+02
1.721034827894868044e+02
1.776380752579010505e+02
1.639451315586695159e+02
2.687198625631539812e+02
1.436349522887962848e+02
2.083087838332985768e+02
1.685560741969748904e+02
2.018767346431907583e+02
2.281679908870582949e+02
2.069275379545944702e+02
8.430018249952569249e+02
1.972629452328869490e+02
3.192977755021723851e+02
1.800455617653307172e+02
1.751402545482457640e+02
1.728787885262204895e+02
3.700075555428445568e+02
1.944010514164041297e+02
2.425182880175290734e+02
2.351876831904740186e+02
2.374456545068487117e+02
1.090938105368606159e+02
2.107227238653864276e+02
2.310450182110123478e+02
2.447570852473624541e+02
2.135525369415388752e+02
1.943227229523353117e+02
2.504735170062966745e+02
2.293539913382746249e+02
1.791404575036384301e+02
1.989928003883511280e+02
1.741906323301324733e+02
1.321770255849818057e+02
2.279591873519264027e+02
2.494097566119864950e+02
2.340287196958519189e+02
2.117625561713829256e+02
2.134053469608935529e+02
1.999631546999589489e+02
2.432944889151452799e+02
2.620977827933725166e+02
1.988247295932364409e+02
2.292634500895582050e+02
1.869279425977929066e+02
1.456790390442553189e+02
2.769954894964471350e+02
2.922925136241714199e+02
1.455329387141995880e+02
1.697556374323044963e+02
2.078756204918166759e+02
3.805942764763064474e+02
2.030895024469118084e+02
4.462949044591958909e+02
1.912121738971557363e+02
2.507041429317807228e+02
2.644330477125772632e+02
2.073637618223526715e+02
2.214334055603814591e+02
2.305707235823836356e+02
1.272516379934361339e+02
2.301070697365085778e+02
2.412636605808434069e+02
2.294853731883580394e+02
2.142495301640914818e+02
4.242177756963084221e+02
1.891786323653969930e+02
1.477680161480387540e+02
2.608257496335553469e+02
7.148332293612753574e+01
2.039979432381998947e+02
2.354506582046197423e+02
1.952733890528939469e+02
2.129186007657917514e+02
1.922812774908143183e+02
1.786950513942194618e+02
7.866833993059390195e+02
2.050137645430276052e+02
1.792355833549707711e+02
1.963270491663365362e+02
2.951744807605402912e+02
1.951547302702510081e+02
2.025090458620775280e+02
1.880098237224831337e+02
1.915888832911222153e+02
3.200169393819160177e+02
1.856049229154950808e+02
2.112899157706742415e+02
1.464312483712894277e+02
1.707498729193354166e+02
9.900864094473080002e+01
2.636879271647326277e+02
3.683466036287370571e+02
1.947411717447765511e+02
1.961620157109054787e+02
2.790734381932812767e+02
4.034687586106542767e+01
2.244073989252723607e+02
2.102249373817773517e+02
2.368297704803933925e+02
2.274799224370560751e+02
1.865109891946274843e+02
2.240464472529850752e+02
2.201869139262872750e+02
3.430667023047644193e+02
1.628174615752955674e+02
2.204819537812375927e+02
2.747859998699591415e+02
2.185892755847767432e+02
2.023401607464070082e+02
2.773067470812875968e+01
1.682005081284378321e+02
2.340602790692869917e+02
1.965667783884155995e+02
7.875401693140715906e+02
2.845143734924141654e+02
3.377145237949071088e+02
2.345583325713497516e+02
2.424191265665165531e+02
2.854155148681949186e+02
2.039842876907019331e+02
2.483256443049236566e+02
1.490303613124489743e+02
1.304405984976574473e+02
1.183718645828071203e+02
4.259229708194178556e+02
7.380133833363933604e+01
2.274175305972379704e+02
6.346695074436271966e+01
2.111481234911734077e+02
8.786052142202862569e+00
2.509861974056577765e+02
2.353344228289752778e+02
3.544150845906146401e+02
5.568348853874370974e+01
5.725018311189256082e+01
5.165817765656331773e+01
1.124623346573117004e+02
1.115855969218386718e+02
4.608094570178582217e+01
4.453940600858807386e+01
1.754606737970081269e+02
2.011730237577321745e+01
2.211354254535208952e+02
3.268360840224098069e+02
9.693113519899789310e+01
3.589566469735282794e+02
1.319631635250852497e+01
1.375181090862280264e+01
7.686238522879624213e+01
1.105506159142543225e+02
7.064755899110363657e+01
2.645342241324200359e+02
2.308907951419777760e+01
4.570142254391181780e+01
9.335881318392669925e+01
2.856752334952579275e+01
6.392016091365193553e+00
2.403577761481193136e+02
7.779868944541965448e+01
1.319839165226815965e+02
1.700590514682277501e+02
3.235903219356451643e+01
8.671140374556141950e+00
7.072281566069625569e+01
1.618375643511104656e+01
3.218825389088211750e+02
8.935174897152160156e+01
3.135430255529022148e+01
2.925547290847918092e+01
5.314330939858633940e+01
2.276787435058280948e+02
2.439496756893549900e+01
5.085692644600509027e+01
3.096223967039010745e+02
6.144575045178069104e+02
2.167740474206185581e+02
2.164406687411327468e+01
9.755033030590510634e+00
4.944824501462334609e+01
1.307820797115960545e+02
7.077999266955742996e+01
4.134691251871191042e+01
2.044185886489383819e+01
5.502896209964025331e+01
8.426509535389008931e+01
3.149396866374621240e+01
1.733896406356365674e+02
1.326264311284364226e+02
9.216480169502865749e+01
2.028988727060723249e+02
2.148844202278884268e+02
1.119239345954654929e+01
1.518002070287609229e+02
2.424212576414187126e+01
2.722565209256962504e+01
7.186356901726512092e+01
1.753763011367934865e+01
9.082910026858024821e+01
5.486061672047252813e+00
2.110259270800367517e+02
2.170540890466101587e+02
1.525844079470291881e+01
7.915482053407552598e+01
5.192973535019396181e+00
8.440161352975827924e+01
2.542147752970398358e+02
1.240329112668295863e+02
6.793675942010622748e+01
1.193028936408075111e+02
3.943273970447098264e+01
1.445589560597207139e+02
1.745720516932107387e+02
1.191144571954400959e+02
3.054676827947539408e+01
5.323671356913875030e+01
1.074461050501117683e+02
1.677594138298517521e+02
9.439959418592465568e+01
5.226693215973408257e+01
2.794760349363161822e+01
1.563743071825601305e+02
2.162743574727468499e+01
7.150531560670322051e+01
8.532401950243267663e+01
1.922806190493887755e+02
2.419304076007740179e+01
2.183904603436906200e+02
1.007174572044803540e+02
1.042195610368807195e+02
3.513511463128381251e+00
4.765134450802634802e+01
3.720115860670230745e+01
4.124445236074132595e+02
8.853480193477894389e+00
9.541292975288091327e+01
2.486003712635740470e+01
6.462375188509342117e+00
7.330759510290509873e-01
4.565269092133650730e+00
1.218053397959475888e+02
1.084717390491133138e+01
3.015836431342393098e+01
1.477432569920034355e+00
7.832444429511299688e+01
1.671420807230805394e+01
1.781188146963942742e+01
7.075628423748622708e+01
1.050356278648503405e+02
1.299072738465399368e+02
6.418424998147450822e+01
1.013803496165512286e+02
1.781547026624339765e+02
9.227272578736481989e+01
5.989855125207507314e+01
4.125999415525180325e+01
2.235010273305063890e+02
2.212776415541410557e+01
1.106927727844423401e+02
2.709123996088104604e+02
1.147389032941655103e+02
7.665294593625601749e+01
1.692511661970420178e+01
1.961360956504593389e+02
7.201296688497825471e+01
2.893083479359882304e+00
8.347822411245034857e+01
1.544736230826984347e+01
8.940713741848550455e+01
9.072273939486761662e+01
5.565564104231290798e+01
9.917135345701510118e+00
7.253293558659397888e+01
6.083022206335567716e+01
2.521494192779216235e+02
1.567333435871613005e+02
2.078134516510269520e+02
3.053050060195568349e+01
4.924162874677625723e+01
4.911838810327300564e+01
2.042575285606976934e+02
3.372705280214681522e+01
1.573176270882800623e+02
1.293912112876647882e+02
1.313685045164936867e+02
4.079262635660566794e+00
1.689434895147334004e+01
1.691912798906459869e+01
1.825845314329725966e+02
1.659811091713015685e+02
9.673007416671029546e+01
1.322775526381338906e+01
5.032680581312837376e+01
1.039167888480329651e+02
1.986011279446121875e+02
1.388524459683693522e+02
4.081499575627673515e+00
5.049558092594944725e+01
7.543528074614026480e+01
1.410374271753132369e+01
1.317735364113375773e+01
1.657613514510562425e+01
2.488253869293180998e+01
1.748052420947917653e+02
3.492138654199683856e+01
1.616618151618949994e+01
1.672233849511930970e+01
1.619075266603830343e+01
2.028437180197475413e+02
1.122726718976094276e+02
6.944418242641322081e+01
3.421348958118819894e+01
2.073191504724817236e+01
1.539895217883381235e+02
1.328038843386663075e+02
2.624697378514663271e+01
2.195823299090981209e+02
2.037415277226917567e+02
4.579444166187505516e+01
2.309387034659070803e+00
2.206092089187165328e+01
8.202872434063285922e+00
6.898147221454820510e+01
4.488782442954165930e+01
1.254986488381212340e+01
2.862636845416691855e+01
8.672171940193307194e+01
7.717495417527426582e+01
3.121086327239468687e+02
7.707419862217351536e+00
7.281508384065703865e+01
2.654992696932762897e+02
1.270766233590605623e+02
5.269142138565025846e+01
3.558140112641228114e+01
4.789101798730164461e+01
1.537758198400929075e+02
2.049861952414590860e+01
3.660955455015545112e+01
2.821193256029853202e+01
3.420468467783980060e+01
4.389409909208340537e+02
2.463030043456841156e+02
6.951806966679238542e+01
2.136663743596127460e+02
2.697838480891322988e+01
7.042154327508212130e-01
5.543800616076630661e+01
4.528521337755308451e+01
1.333915154313770302e+02
3.537789077001447424e+01
1.008305716594991992e+02
3.199809325262260984e+01
1.082801725393134546e+02
2.757398517637983559e+02
1.504828788299420950e+01
6.952482331525250459e+01
1.061350290178313855e+02
1.773279695765045127e-01
2.566258545601014021e+02
1.006417203075962874e+02
2.693009396100154618e+02
9.933775977376070898e+01
8.738899920159703072e+01
3.045944728101003918e+01
7.531397916305781592e+00
1.279080260066827606e+02
1.468643318286171109e+02
1.142976996674324681e+02
3.359723582511676199e+01
2.455153823485579494e+02
8.918244529881218341e+01
3.116991557594448459e+00
3.831553186311126780e+01
2.146598338297526709e+01
5.862250813731692745e+01
8.637774873409172471e+01
4.476051616119046628e+01
1.846732764905399620e+02
2.898410073496298622e+01
1.258541489693952684e+02
1.566330001092007933e+02
5.499076178979279916e+00
8.552130119095495786e+01
1.965492254486336066e+01
4.857344754175383628e+01
1.832368255830347437e+02
2.940991653825029140e+00
2.368844105175821468e+01
1.487709404311465846e+02
2.479137848612025508e+01
1.677322092591583385e+02
1.116882615862627972e+02
2.758775301471922248e+01
1.348649941354629966e+01
4.621333600324099677e+01
2.100247566632275777e+02
4.654830631853496925e+02
1.232895330767396729e+02
2.053625561784129729e+02
5.747219518840178409e+01
6.789117552774107445e+00
2.133168369679520726e+00
1.924474967032709705e+00
2.120986608282883310e+02
2.306117565049457951e+01
1.886656984558028967e+02
1.010496337274558414e+02
3.369881285688398407e+02
3.318806601391726758e+02
4.108034219296271772e+01
1.258709749322292026e+02
2.717081565314887825e+02
2.792593353030503636e+02
1.338859562842480955e+01
3.461783877678318788e+01
1.851632302036921658e+02
8.294656787365380524e+01
